1.000000000000000021e-02 2.200000000000000289e-01
2.000000000000000042e-02 2.399999999999999911e-01
2.199999999999999872e-02 2.439999999999999947e-01
2.500000000000000139e-02 2.500000000000000000e-01
2.900000000000000147e-02 2.580000000000000071e-01
2.999999999999999889e-02 2.600000000000000089e-01
3.200000000000000067e-02 2.640000000000000124e-01
3.500000000000000333e-02 2.700000000000000178e-01
3.599999999999999728e-02 2.719999999999999640e-01
4.000000000000000083e-02 2.799999999999999711e-01
4.200000000000000261e-02 2.839999999999999747e-01
4.399999999999999745e-02 2.879999999999999782e-01
4.499999999999999833e-02 2.899999999999999800e-01
4.599999999999999922e-02 2.919999999999999818e-01
4.800000000000000100e-02 2.959999999999999853e-01
5.000000000000000278e-02 3.000000000000000444e-01
5.500000000000000028e-02 3.100000000000000533e-01
5.999999999999999778e-02 3.200000000000000622e-01
6.500000000000000222e-02 3.300000000000000155e-01
6.700000000000000400e-02 3.340000000000000191e-01
7.000000000000000666e-02 3.400000000000000799e-01
7.499999999999999722e-02 3.500000000000000333e-01
8.000000000000000167e-02 3.600000000000000422e-01
8.500000000000000611e-02 3.700000000000000511e-01
8.999999999999999667e-02 3.800000000000000044e-01
9.500000000000000111e-02 3.900000000000000688e-01
1.000000000000000056e-01 4.000000000000000222e-01
1.100000000000000006e-01 4.200000000000000400e-01
1.199999999999999956e-01 4.400000000000000577e-01
1.300000000000000044e-01 4.599999999999999645e-01
1.330000000000000071e-01 4.660000000000000253e-01
1.400000000000000133e-01 4.800000000000000933e-01
1.499999999999999944e-01 5.000000000000000000e-01
1.600000000000000033e-01 5.000000000000000000e-01
1.700000000000000122e-01 5.000000000000000000e-01
1.799999999999999933e-01 5.000000000000000000e-01
1.900000000000000022e-01 5.000000000000000000e-01
2.000000000000000111e-01 5.000000000000000000e-01
2.200000000000000011e-01 5.000000000000000000e-01
2.399999999999999911e-01 5.000000000000000000e-01
2.500000000000000000e-01 5.000000000000000000e-01
2.600000000000000089e-01 5.000000000000000000e-01
2.800000000000000266e-01 5.000000000000000000e-01
2.899999999999999800e-01 5.000000000000000000e-01
2.999999999999999889e-01 5.000000000000000000e-01
3.200000000000000067e-01 5.000000000000000000e-01
3.400000000000000244e-01 5.000000000000000000e-01
3.499999999999999778e-01 5.000000000000000000e-01
3.599999999999999867e-01 5.000000000000000000e-01
3.800000000000000044e-01 5.000000000000000000e-01
4.000000000000000222e-01 5.000000000000000000e-01
4.199999999999999845e-01 4.761904761904762196e-01
4.400000000000000022e-01 4.545454545454545858e-01
4.500000000000000111e-01 4.444444444444444753e-01
4.600000000000000200e-01 4.347826086956521618e-01
4.799999999999999822e-01 4.166666666666666852e-01
5.000000000000000000e-01 4.000000000000000222e-01
5.500000000000000444e-01 3.636363636363636465e-01
5.999999999999999778e-01 3.333333333333333703e-01
6.500000000000000222e-01 3.076923076923077094e-01
6.670000000000000373e-01 2.998500749625187534e-01
6.999999999999999556e-01 2.857142857142857539e-01
7.500000000000000000e-01 2.666666666666666630e-01
8.000000000000000444e-01 2.500000000000000000e-01
8.499999999999999778e-01 2.352941176470588480e-01
9.000000000000000222e-01 2.222222222222222376e-01
9.499999999999999556e-01 2.105263157894737003e-01
1.000000000000000000e+00 2.000000000000000111e-01
1.100000000000000089e+00 1.818181818181818232e-01
1.199999999999999956e+00 1.666666666666666852e-01
1.300000000000000044e+00 1.538461538461538547e-01
1.399999999999999911e+00 1.428571428571428770e-01
1.500000000000000000e+00 1.333333333333333315e-01
1.600000000000000089e+00 1.250000000000000000e-01
1.699999999999999956e+00 1.176470588235294240e-01
1.800000000000000044e+00 1.111111111111111188e-01
1.899999999999999911e+00 1.052631578947368501e-01
2.000000000000000000e+00 1.000000000000000056e-01
2.200000000000000178e+00 8.264462809917355601e-02
2.399999999999999911e+00 6.944444444444446141e-02
2.500000000000000000e+00 6.400000000000000133e-02
2.600000000000000089e+00 5.917159763313609849e-02
2.799999999999999822e+00 5.102040816326531419e-02
3.000000000000000000e+00 4.444444444444444614e-02
3.200000000000000178e+00 3.906250000000000000e-02
3.399999999999999911e+00 3.460207612456747683e-02
3.500000000000000000e+00 3.265306122448979886e-02
3.600000000000000089e+00 3.086419753086419929e-02
3.799999999999999822e+00 2.770083102493075058e-02
4.000000000000000000e+00 2.500000000000000139e-02
4.200000000000000178e+00 2.267573696145124343e-02
4.400000000000000355e+00 2.066115702479338900e-02
4.599999999999999645e+00 1.890359168241966328e-02
4.799999999999999822e+00 1.736111111111111535e-02
5.000000000000000000e+00 1.600000000000000033e-02
5.500000000000000000e+00 1.322314049586777000e-02
6.000000000000000000e+00 1.111111111111111154e-02
6.500000000000000000e+00 9.467455621301775273e-03
7.000000000000000000e+00 8.163265306122449716e-03
7.500000000000000000e+00 7.111111111111111452e-03
8.000000000000000000e+00 6.250000000000000347e-03
8.500000000000000000e+00 5.536332179930795669e-03
9.000000000000000000e+00 4.938271604938271504e-03
9.500000000000000000e+00 4.432132963988919157e-03
1.000000000000000000e+01 4.000000000000000083e-03
1.100000000000000000e+01 3.305785123966942501e-03
1.200000000000000000e+01 2.777777777777777884e-03
1.300000000000000000e+01 2.366863905325443818e-03
1.400000000000000000e+01 2.040816326530612429e-03
1.500000000000000000e+01 1.777777777777777863e-03
2.000000000000000000e+01 1.000000000000000021e-03
